2
3
1
4
32
23
5
23
1
35
7
5
3
21
23
56
86
4
3
23
23
6
99
8
8
9
99
98
78
1
2
3
4
5
6
7
8
9
10
10
1
0
0
0
4
6
0
34
0
4
23
45
7
56
8
54
35
76
56
67
69
7
9
31
35
09
3
4
6
7
8
9
10
10
1
0
0
0
4
6
0
34
0
4
23
45
7
6
7
8
9
10
10
1
0
0
0
4
6
0
34
0
4
23
45
7
6
7
8
9
10
10
1
0
0
0
4
6
0
34
0
4
23
45
7
6
7
8
9
10
10
1
0
0
0
4
6
0
34
0
4
23
45
7
6
7
8
9
10
10
1
0
0
0
4
6
0
34
0
4
23
45
7
6
7
8
9
10
10
1
0
0
0
4
6
0
34
0
4
23
45
7
6
7
8
9
10
10
1
0
0
0
4
6
0
34
0
4
23
45
7
6
7
8
9
10
10
1
0
0
0
4
6
0
34
0
4
23
45
7
45
7
6
7
8
9
10
10
1
0
0
0
4
6
0
34
0
4
23
45
7
6
7
8
9
10
10
1
0
0
0
4
6
0
34
0
4
23
45
7
6
7
8
9
10
10
1
0
0
0
4
6
0
34
0
4
23
45
7
6
7
45
7
6
7
8
9
10
10
1
0
0
0
4
6
0
34
0
4
23
45
7
6
7
8
9
10
10
1
0
0
0
4
6
0
34
0
4
23
45
7
6
7
8
9
10
10
1
0
0
0
4
6
0
34
0
4
23
45
7
6
7
45
7
6
7
8
9
10
10
1
0
0
0
4
6
0
34
0
4
23
45
7
6
7
8
9
10
10
1
0
0
0
4
6
0
34
0
4
23
45
7
6
7
8
9
10
10
1
0
0
0
4
6
0
34
0
4
23
45
7
6
7
45
7
6
7
8
9
10
10
1
0
0
0
4
6
0
34
0
4
23
45
7
6
7
8
9
10
10
1
0
0
0
4
6
0
34
0
4
23
45
7
6
7
8
9
10
10
1
0
0
0
4
6
0
34
0
4
23
45
7
6
7
45
7
6
7
8
9
10
10
1
0
0
0
4
6
0
34
0
4
23
45
7
6
7
8
9
10
10
1
0
0
0
4
6
0
34
0
4
23
45
7
6
7
8
9
10
10
1
0
0
0
4
6
0
34
0
4
23
45
7
6
7
45
7
6
7
8
9
10
10
1
0
0
0
4
6
0
34
0
4
23
45
7
6
7
8
9
10
10
1
0
0
0
4
6
0
34
0
4
23
45
7
6
7
8
9
10
10
1
0
0
0
4
6
0
34
0
4
23
45
7
6
7
45
7
6
7
8
9
10
10
1
0
0
0
4
6
0
34
0
4
23
45
7
6
7
8
9
10
10
1
0
0
0
4
6
0
34
0
4
23
45
7
6
7
8
9
10
10
1
0
0
0
4
6
0
34
0
4
23
45
7
6
7
45
7
6
7
8
9
10
10
1
0
0
0
4
6
0
34
0
4
23
45
7
6
7
8
9
10
10
1
0
0
0
4
6
0
34
0
4
23
45
7
6
7
8
9
10
10
1
0
0
0
4
6
0
34
0
4
23
45
7
6
7
0
34
0
4
23
45
7
6
7
8
9
10
10
1
0
0
0
4
6
0
34
0
34
0
4
23
45
7
6
7
8
9
10
10
1
0
0
0
4
6
0
34
0
34
0
4
23
45
7
6
7
8
9
10
10
1
0
0
0
4
6
0
34
0
34
0
4
23
45
7
6
7
8
9
10
10
1
0
0
0
4
6
0
34
0
34
0
4
23
45
7
6
7
8
9
10
10
1
0
0
0
4
6
0
34
0
34
0
4
23
45
7
6
7
8
9
10
10
1
0
0
0
4
6
0
34
0
34
0
4
23
45
7
6
7
8
9
10
10
1
0
0
0
4
6
0
34
0
34
0
4
23
45
7
6
7
8
9
10
10
1
0
0
0
4
6
0
34
0
34
0
4
23
45
7
6
7
8
9
10
10
1
0
0
0
4
6
0
34
0
34
0
4
23
45
7
6
7
8
9
10
10
1
0
0
0
4
6
0
34
0
34
0
4
23
45
7
6
7
8
9
10
10
1
0
0
0
4
6
0
34
0
34
0
4
23
45
7
6
7
8
9
10
10
1
0
0
0
4
6
0
34
0
34
0
4
23
45
7
6
7
8
9
10
10
1
0
0
0
4
6
0
34
45
7
6
7
8
9
10
10
1
0
0
0
4
6
0
34
0
34
0
4
23
45
7
6
7
8
9
10
10
1
0
45
7
6
7
8
9
10
10
1
0
0
0
4
6
0
34
0
34
0
4
23
45
7
6
7
8
9
10
10
1
0
45
7
6
7
8
9
10
10
1
0
0
0
4
6
0
34
0
34
0
4
23
45
7
6
7
8
9
10
10
1
0
45
7
6
7
8
9
10
10
1
0
0
0
4
6
0
34
0
34
0
4
23
45
7
6
7
8
9
10
10
1
0
45
7
6
7
8
9
10
10
1
0
0
0
4
6
0
34
0
34
0
4
23
45
7
6
7
8
9
10
10
1
0
45
7
6
7
8
9
10
10
1
0
0
0
4
6
0
34
0
34
0
4
23
45
7
6
7
8
9
10
10
1
0
45
7
6
7
8
9
10
10
1
0
0
0
4
6
0
34
0
34
0
4
23
45
7
6
7
8
9
10
10
1
0
45
7
6
7
8
9
10
10
1
0
0
0
4
6
0
34
0
34
0
4
23
45
7
6
7
8
9
10
10
1
0
45
7
6
7
8
9
10
10
1
0
0
0
4
6
0
34
0
34
0
4
23
45
7
6
7
8
9
10
10
1
0
45
7
6
7
8
9
10
10
1
0
0
0
4
6
0
34
0
34
0
4
23
45
7
6
7
8
9
10
10
1
0
45
7
6
7
8
9
10
10
1
0
0
0
4
6
0
34
0
34
0
4
23
45
7
6
7
8
9
10
10
1
0
45
7
6
7
8
9
10
10
1
0
0
0
4
6
0
34
0
34
0
4
23
45
7
6
7
8
9
10
10
1
0
45
7
6
7
8
9
10
10
1
0
0
0
4
6
0
34
0
34
0
4
23
45
7
6
7
8
9
10
10
1
0
45
7
6
7
8
9
10
10
1
0
0
0
4
6
0
34
0
34
0
4
23
45
7
6
7
8
9
10
10
1
0
